{
 "cells": [
  {
   "cell_type": "code",
   "execution_count": 1,
   "metadata": {},
   "outputs": [],
   "source": [
    "import numpy as np\n",
    "from collections import Counter, OrderedDict\n",
    "import random\n",
    "import os\n",
    "import binascii\n",
    "import sys\n",
    "import time \n",
    "import datetime\n",
    "\n",
    "import os\n",
    "os.chdir('./Data/L30')"
   ]
  },
  {
   "cell_type": "code",
   "execution_count": 2,
   "metadata": {
    "scrolled": true
   },
   "outputs": [
    {
     "name": "stdout",
     "output_type": "stream",
     "text": [
      "--- NOT working on avon\n",
      " --- working for phsht\n",
      "perco_RandomCrosses: 30 1000 9000 1000 5\n",
      "percolation_density: working on p= 0.1\n",
      "Successfully created the directory : p0.1\n",
      "check: max_seed, nbre_file = 0 0\n",
      "--- found seeds= []\n",
      "percolation_density: configs existing, wanted, tomake= 0 5 5\n",
      "percolation: new percolation starting with seed= 1183997996\n",
      "--- working in image 0 2022-06-29 16:38:09.729281\n",
      "lattice_config START 2022-06-29 16:38:09.729317\n",
      "lattice_config END 2022-06-29 16:38:09.729657\n",
      "occupied 90\n",
      "Hoshen-Kopelman PBS START 2022-06-29 16:38:09.730092\n",
      "Hoshen-Kopelman PBC END 2022-06-29 16:38:09.730965\n",
      "Hoshen-Kopelman HW START 2022-06-29 16:38:09.730989\n",
      "Hoshen-Kopelman HW END 2022-06-29 16:38:09.731617\n",
      "PBC characterization 2022-06-29 16:38:09.731639\n",
      "HW characterization 2022-06-29 16:38:09.731738\n",
      "PBC coloring 2022-06-29 16:38:09.732288\n",
      "n clusters pbc 75\n",
      "n clusters 76\n",
      "density change p= 0.1 -> 0.08\n",
      "max clus 4\n",
      "0.00884389877319336\n",
      "--- NEW configuration 1183997996  was created\n",
      "percolation: new percolation starting with seed= 796354158\n",
      "--- working in image 0 2022-06-29 16:38:09.738509\n",
      "lattice_config START 2022-06-29 16:38:09.738542\n",
      "lattice_config END 2022-06-29 16:38:09.738728\n",
      "occupied 90\n",
      "Hoshen-Kopelman PBS START 2022-06-29 16:38:09.739264\n",
      "Hoshen-Kopelman PBC END 2022-06-29 16:38:09.740084\n",
      "Hoshen-Kopelman HW START 2022-06-29 16:38:09.740108\n",
      "Hoshen-Kopelman HW END 2022-06-29 16:38:09.740720\n",
      "PBC characterization 2022-06-29 16:38:09.740741\n",
      "HW characterization 2022-06-29 16:38:09.740826\n",
      "PBC coloring 2022-06-29 16:38:09.741359\n",
      "n clusters pbc 76\n",
      "n clusters 76\n",
      "density change p= 0.1 -> 0.09\n",
      "max clus 7\n",
      "0.008764028549194336\n",
      "--- NEW configuration 796354158  was created\n",
      "percolation: new percolation starting with seed= 2042885749\n",
      "--- working in image 0 2022-06-29 16:38:09.747680\n",
      "lattice_config START 2022-06-29 16:38:09.747721\n",
      "lattice_config END 2022-06-29 16:38:09.748189\n",
      "occupied 90\n",
      "Hoshen-Kopelman PBS START 2022-06-29 16:38:09.748454\n",
      "Hoshen-Kopelman PBC END 2022-06-29 16:38:09.749284\n",
      "Hoshen-Kopelman HW START 2022-06-29 16:38:09.749472\n",
      "Hoshen-Kopelman HW END 2022-06-29 16:38:09.750090\n",
      "PBC characterization 2022-06-29 16:38:09.750110\n",
      "HW characterization 2022-06-29 16:38:09.750188\n",
      "PBC coloring 2022-06-29 16:38:09.750608\n",
      "n clusters pbc 70\n",
      "n clusters 70\n",
      "density change p= 0.1 -> 0.09\n",
      "max clus 4\n",
      "0.008961915969848633\n",
      "--- NEW configuration 2042885749  was created\n",
      "percolation: new percolation starting with seed= 1879656109\n",
      "--- working in image 0 2022-06-29 16:38:09.757065\n",
      "lattice_config START 2022-06-29 16:38:09.757194\n",
      "lattice_config END 2022-06-29 16:38:09.757506\n",
      "occupied 90\n",
      "Hoshen-Kopelman PBS START 2022-06-29 16:38:09.757765\n",
      "Hoshen-Kopelman PBC END 2022-06-29 16:38:09.758590\n",
      "Hoshen-Kopelman HW START 2022-06-29 16:38:09.758614\n",
      "Hoshen-Kopelman HW END 2022-06-29 16:38:09.759451\n",
      "PBC characterization 2022-06-29 16:38:09.759480\n",
      "HW characterization 2022-06-29 16:38:09.759777\n",
      "PBC coloring 2022-06-29 16:38:09.759937\n",
      "n clusters pbc 69\n",
      "n clusters 71\n",
      "density change p= 0.1 -> 0.08333333333333333\n",
      "max clus 5\n",
      "0.008728265762329102\n",
      "--- NEW configuration 1879656109  was created\n",
      "percolation: new percolation starting with seed= 1814978145\n",
      "--- working in image 0 2022-06-29 16:38:09.766227\n",
      "lattice_config START 2022-06-29 16:38:09.766406\n",
      "lattice_config END 2022-06-29 16:38:09.766588\n",
      "occupied 90\n",
      "Hoshen-Kopelman PBS START 2022-06-29 16:38:09.766975\n",
      "Hoshen-Kopelman PBC END 2022-06-29 16:38:09.767810\n",
      "Hoshen-Kopelman HW START 2022-06-29 16:38:09.767833\n",
      "Hoshen-Kopelman HW END 2022-06-29 16:38:09.768657\n",
      "PBC characterization 2022-06-29 16:38:09.768679\n",
      "HW characterization 2022-06-29 16:38:09.768954\n",
      "PBC coloring 2022-06-29 16:38:09.769111\n",
      "n clusters pbc 71\n",
      "n clusters 71\n",
      "density change p= 0.1 -> 0.08666666666666667\n",
      "max clus 4\n",
      "0.00823831558227539\n",
      "--- NEW configuration 1814978145  was created\n",
      "--> 5 new images were created\n",
      "percolation_density: working on p= 0.2\n",
      "Successfully created the directory : p0.2\n",
      "check: max_seed, nbre_file = 0 0\n",
      "--- found seeds= []\n",
      "percolation_density: configs existing, wanted, tomake= 0 5 5\n",
      "percolation: new percolation starting with seed= 932063856\n",
      "--- working in image 0 2022-06-29 16:38:09.776597\n",
      "lattice_config START 2022-06-29 16:38:09.776632\n",
      "lattice_config END 2022-06-29 16:38:09.776984\n",
      "occupied 180\n",
      "Hoshen-Kopelman PBS START 2022-06-29 16:38:09.777450\n",
      "Hoshen-Kopelman PBC END 2022-06-29 16:38:09.779078\n",
      "Hoshen-Kopelman HW START 2022-06-29 16:38:09.779101\n",
      "Hoshen-Kopelman HW END 2022-06-29 16:38:09.780310\n",
      "PBC characterization 2022-06-29 16:38:09.780333\n",
      "HW characterization 2022-06-29 16:38:09.780786\n",
      "PBC coloring 2022-06-29 16:38:09.781000\n",
      "n clusters pbc 113\n",
      "n clusters 116\n",
      "density change p= 0.2 -> 0.17555555555555555\n",
      "max clus 7\n",
      "0.010648965835571289\n",
      "--- NEW configuration 932063856  was created\n",
      "percolation: new percolation starting with seed= 3524889568\n",
      "--- working in image 0 2022-06-29 16:38:09.787658\n",
      "lattice_config START 2022-06-29 16:38:09.787692\n",
      "lattice_config END 2022-06-29 16:38:09.788248\n",
      "occupied 180\n",
      "Hoshen-Kopelman PBS START 2022-06-29 16:38:09.788524\n",
      "Hoshen-Kopelman PBC END 2022-06-29 16:38:09.790189\n",
      "Hoshen-Kopelman HW START 2022-06-29 16:38:09.790213\n",
      "Hoshen-Kopelman HW END 2022-06-29 16:38:09.791673\n",
      "PBC characterization 2022-06-29 16:38:09.791698\n",
      "HW characterization 2022-06-29 16:38:09.791792\n",
      "PBC coloring 2022-06-29 16:38:09.792107\n",
      "n clusters pbc 110\n",
      "n clusters 111\n",
      "density change p= 0.2 -> 0.1711111111111111\n",
      "max clus 6\n",
      "0.010632514953613281\n",
      "--- NEW configuration 3524889568  was created\n",
      "percolation: new percolation starting with seed= 2423534342\n",
      "--- working in image 0 2022-06-29 16:38:09.798732\n",
      "lattice_config START 2022-06-29 16:38:09.798855\n",
      "lattice_config END 2022-06-29 16:38:09.799344\n",
      "occupied 180\n",
      "Hoshen-Kopelman PBS START 2022-06-29 16:38:09.799635\n",
      "Hoshen-Kopelman PBC END 2022-06-29 16:38:09.801247\n",
      "Hoshen-Kopelman HW START 2022-06-29 16:38:09.801270\n",
      "Hoshen-Kopelman HW END 2022-06-29 16:38:09.802669\n",
      "PBC characterization 2022-06-29 16:38:09.802691\n",
      "HW characterization 2022-06-29 16:38:09.802984\n",
      "PBC coloring 2022-06-29 16:38:09.803167\n",
      "n clusters pbc 119\n",
      "n clusters 124\n",
      "density change p= 0.2 -> 0.16555555555555557\n",
      "max clus 6\n",
      "0.010153770446777344\n",
      "--- NEW configuration 2423534342  was created\n",
      "percolation: new percolation starting with seed= 4170245075\n",
      "--- working in image 0 2022-06-29 16:38:09.809358\n",
      "lattice_config START 2022-06-29 16:38:09.809391\n",
      "lattice_config END 2022-06-29 16:38:09.809734\n",
      "occupied 180\n",
      "Hoshen-Kopelman PBS START 2022-06-29 16:38:09.810215\n",
      "Hoshen-Kopelman PBC END 2022-06-29 16:38:09.811805\n",
      "Hoshen-Kopelman HW START 2022-06-29 16:38:09.811829\n",
      "Hoshen-Kopelman HW END 2022-06-29 16:38:09.813222\n",
      "PBC characterization 2022-06-29 16:38:09.813245\n",
      "HW characterization 2022-06-29 16:38:09.813530\n",
      "PBC coloring 2022-06-29 16:38:09.813701\n",
      "n clusters pbc 116\n",
      "n clusters 116\n",
      "density change p= 0.2 -> 0.16666666666666666\n",
      "max clus 6\n",
      "0.010643482208251953\n",
      "--- NEW configuration 4170245075  was created\n",
      "percolation: new percolation starting with seed= 1556829466\n",
      "--- working in image 0 2022-06-29 16:38:09.820328\n",
      "lattice_config START 2022-06-29 16:38:09.820361\n",
      "lattice_config END 2022-06-29 16:38:09.820978\n",
      "occupied 180\n",
      "Hoshen-Kopelman PBS START 2022-06-29 16:38:09.821258\n",
      "Hoshen-Kopelman PBC END 2022-06-29 16:38:09.822873\n",
      "Hoshen-Kopelman HW START 2022-06-29 16:38:09.822896\n",
      "Hoshen-Kopelman HW END 2022-06-29 16:38:09.824299\n",
      "PBC characterization 2022-06-29 16:38:09.824322\n",
      "HW characterization 2022-06-29 16:38:09.824579\n",
      "PBC coloring 2022-06-29 16:38:09.824787\n",
      "n clusters pbc 99\n",
      "n clusters 101\n",
      "density change p= 0.2 -> 0.16666666666666666\n",
      "max clus 10\n",
      "0.010788202285766602\n",
      "--- NEW configuration 1556829466  was created\n",
      "--> 5 new images were created\n",
      "percolation_density: working on p= 0.3\n",
      "Successfully created the directory : p0.3\n",
      "check: max_seed, nbre_file = 0 0\n",
      "--- found seeds= []\n",
      "percolation_density: configs existing, wanted, tomake= 0 5 5\n",
      "percolation: new percolation starting with seed= 932908417\n",
      "--- working in image 0 2022-06-29 16:38:09.833081\n",
      "lattice_config START 2022-06-29 16:38:09.833114\n",
      "lattice_config END 2022-06-29 16:38:09.833659\n",
      "occupied 270\n",
      "Hoshen-Kopelman PBS START 2022-06-29 16:38:09.834209\n",
      "Hoshen-Kopelman PBC END 2022-06-29 16:38:09.836644\n",
      "Hoshen-Kopelman HW START 2022-06-29 16:38:09.836668\n",
      "Hoshen-Kopelman HW END 2022-06-29 16:38:09.838656\n",
      "PBC characterization 2022-06-29 16:38:09.838801\n",
      "HW characterization 2022-06-29 16:38:09.838896\n",
      "PBC coloring 2022-06-29 16:38:09.839149\n",
      "n clusters pbc 116\n",
      "n clusters 121\n",
      "density change p= 0.3 -> 0.2588888888888889\n",
      "max clus 11\n",
      "0.012169361114501953\n",
      "--- NEW configuration 932908417  was created\n",
      "percolation: new percolation starting with seed= 3092495936\n",
      "--- working in image 0 2022-06-29 16:38:09.845631\n",
      "lattice_config START 2022-06-29 16:38:09.845742\n",
      "lattice_config END 2022-06-29 16:38:09.846284\n",
      "occupied 270\n",
      "Hoshen-Kopelman PBS START 2022-06-29 16:38:09.846726\n",
      "Hoshen-Kopelman PBC END 2022-06-29 16:38:09.849078\n",
      "Hoshen-Kopelman HW START 2022-06-29 16:38:09.849101\n",
      "Hoshen-Kopelman HW END 2022-06-29 16:38:09.850823\n",
      "PBC characterization 2022-06-29 16:38:09.851161\n",
      "HW characterization 2022-06-29 16:38:09.851344\n",
      "PBC coloring 2022-06-29 16:38:09.851519\n",
      "n clusters pbc 111\n",
      "n clusters 114\n",
      "density change p= 0.3 -> 0.2477777777777778\n",
      "max clus 14\n",
      "0.011988401412963867\n",
      "--- NEW configuration 3092495936  was created\n",
      "percolation: new percolation starting with seed= 119962060\n",
      "--- working in image 0 2022-06-29 16:38:09.858014\n",
      "lattice_config START 2022-06-29 16:38:09.858048\n",
      "lattice_config END 2022-06-29 16:38:09.858821\n",
      "occupied 270\n",
      "Hoshen-Kopelman PBS START 2022-06-29 16:38:09.859072\n",
      "Hoshen-Kopelman PBC END 2022-06-29 16:38:09.861605\n",
      "Hoshen-Kopelman HW START 2022-06-29 16:38:09.861629\n",
      "Hoshen-Kopelman HW END 2022-06-29 16:38:09.863516\n",
      "PBC characterization 2022-06-29 16:38:09.863539\n",
      "HW characterization 2022-06-29 16:38:09.863802\n",
      "PBC coloring 2022-06-29 16:38:09.864009\n",
      "n clusters pbc 121\n",
      "n clusters 122\n",
      "density change p= 0.3 -> 0.2688888888888889\n",
      "max clus 15\n",
      "0.012396574020385742\n",
      "--- NEW configuration 119962060  was created\n",
      "percolation: new percolation starting with seed= 849738099\n",
      "--- working in image 0 2022-06-29 16:38:09.870739\n",
      "lattice_config START 2022-06-29 16:38:09.870968\n",
      "lattice_config END 2022-06-29 16:38:09.871518\n",
      "occupied 270\n",
      "Hoshen-Kopelman PBS START 2022-06-29 16:38:09.871881\n",
      "Hoshen-Kopelman PBC END 2022-06-29 16:38:09.874220\n",
      "Hoshen-Kopelman HW START 2022-06-29 16:38:09.874244\n",
      "Hoshen-Kopelman HW END 2022-06-29 16:38:09.876173\n",
      "PBC characterization 2022-06-29 16:38:09.876195\n",
      "HW characterization 2022-06-29 16:38:09.876455\n",
      "PBC coloring 2022-06-29 16:38:09.876667\n",
      "n clusters pbc 120\n",
      "n clusters 124\n",
      "density change p= 0.3 -> 0.2588888888888889\n",
      "max clus 12\n",
      "0.011690855026245117\n",
      "--- NEW configuration 849738099  was created\n",
      "percolation: new percolation starting with seed= 4052701574\n",
      "--- working in image 0 2022-06-29 16:38:09.882954\n",
      "lattice_config START 2022-06-29 16:38:09.883188\n",
      "lattice_config END 2022-06-29 16:38:09.883738\n",
      "occupied 270\n",
      "Hoshen-Kopelman PBS START 2022-06-29 16:38:09.884027\n",
      "Hoshen-Kopelman PBC END 2022-06-29 16:38:09.886331\n",
      "Hoshen-Kopelman HW START 2022-06-29 16:38:09.886576\n",
      "Hoshen-Kopelman HW END 2022-06-29 16:38:09.888307\n",
      "PBC characterization 2022-06-29 16:38:09.888487\n",
      "HW characterization 2022-06-29 16:38:09.888595\n",
      "PBC coloring 2022-06-29 16:38:09.888829\n",
      "n clusters pbc 115\n",
      "n clusters 121\n",
      "density change p= 0.3 -> 0.24444444444444444\n",
      "max clus 12\n",
      "0.011810779571533203\n",
      "--- NEW configuration 4052701574  was created\n",
      "--> 5 new images were created\n",
      "percolation_density: working on p= 0.4\n",
      "Successfully created the directory : p0.4\n",
      "check: max_seed, nbre_file = 0 0\n",
      "--- found seeds= []\n",
      "percolation_density: configs existing, wanted, tomake= 0 5 5\n",
      "percolation: new percolation starting with seed= 660578068\n",
      "--- working in image 0 2022-06-29 16:38:09.896938\n",
      "lattice_config START 2022-06-29 16:38:09.897040\n",
      "lattice_config END 2022-06-29 16:38:09.897797\n",
      "occupied 360\n",
      "Hoshen-Kopelman PBS START 2022-06-29 16:38:09.898233\n",
      "Hoshen-Kopelman PBC END 2022-06-29 16:38:09.901322\n",
      "Hoshen-Kopelman HW START 2022-06-29 16:38:09.901346\n",
      "Hoshen-Kopelman HW END 2022-06-29 16:38:09.903816\n",
      "PBC characterization 2022-06-29 16:38:09.903960\n",
      "HW characterization 2022-06-29 16:38:09.904052\n",
      "PBC coloring 2022-06-29 16:38:09.904317\n",
      "n clusters pbc 79\n",
      "n clusters 89\n",
      "density change p= 0.4 -> 0.3433333333333333\n",
      "max clus 64\n",
      "0.014007091522216797\n",
      "--- NEW configuration 660578068  was created\n",
      "percolation: new percolation starting with seed= 504199504\n",
      "--- working in image 0 2022-06-29 16:38:09.911342\n",
      "lattice_config START 2022-06-29 16:38:09.911567\n",
      "lattice_config END 2022-06-29 16:38:09.912335\n",
      "occupied 360\n",
      "Hoshen-Kopelman PBS START 2022-06-29 16:38:09.912633\n",
      "Hoshen-Kopelman PBC END 2022-06-29 16:38:09.915925\n",
      "Hoshen-Kopelman HW START 2022-06-29 16:38:09.915950\n",
      "Hoshen-Kopelman HW END 2022-06-29 16:38:09.918393\n",
      "PBC characterization 2022-06-29 16:38:09.918538\n",
      "HW characterization 2022-06-29 16:38:09.918642\n",
      "PBC coloring 2022-06-29 16:38:09.918890\n",
      "n clusters pbc 105\n",
      "n clusters 112\n",
      "density change p= 0.4 -> 0.3377777777777778\n",
      "max clus 41\n"
     ]
    },
    {
     "name": "stdout",
     "output_type": "stream",
     "text": [
      "0.014116525650024414\n",
      "--- NEW configuration 504199504  was created\n",
      "percolation: new percolation starting with seed= 3445676222\n",
      "--- working in image 0 2022-06-29 16:38:09.926136\n",
      "lattice_config START 2022-06-29 16:38:09.926241\n",
      "lattice_config END 2022-06-29 16:38:09.927009\n",
      "occupied 360\n",
      "Hoshen-Kopelman PBS START 2022-06-29 16:38:09.927454\n",
      "Hoshen-Kopelman PBC END 2022-06-29 16:38:09.930600\n",
      "Hoshen-Kopelman HW START 2022-06-29 16:38:09.930624\n",
      "Hoshen-Kopelman HW END 2022-06-29 16:38:09.933159\n",
      "PBC characterization 2022-06-29 16:38:09.933184\n",
      "HW characterization 2022-06-29 16:38:09.933477\n",
      "PBC coloring 2022-06-29 16:38:09.933648\n",
      "n clusters pbc 98\n",
      "n clusters 104\n",
      "density change p= 0.4 -> 0.32\n",
      "max clus 39\n",
      "0.014235258102416992\n",
      "--- NEW configuration 3445676222  was created\n",
      "percolation: new percolation starting with seed= 1438163999\n",
      "--- working in image 0 2022-06-29 16:38:09.940784\n",
      "lattice_config START 2022-06-29 16:38:09.941013\n",
      "lattice_config END 2022-06-29 16:38:09.941805\n",
      "occupied 360\n",
      "Hoshen-Kopelman PBS START 2022-06-29 16:38:09.942197\n",
      "Hoshen-Kopelman PBC END 2022-06-29 16:38:09.945282\n",
      "Hoshen-Kopelman HW START 2022-06-29 16:38:09.945305\n",
      "Hoshen-Kopelman HW END 2022-06-29 16:38:09.947777\n",
      "PBC characterization 2022-06-29 16:38:09.947800\n",
      "HW characterization 2022-06-29 16:38:09.948059\n",
      "PBC coloring 2022-06-29 16:38:09.948275\n",
      "n clusters pbc 100\n",
      "n clusters 109\n",
      "density change p= 0.4 -> 0.3322222222222222\n",
      "max clus 25\n",
      "0.013639211654663086\n",
      "--- NEW configuration 1438163999  was created\n",
      "percolation: new percolation starting with seed= 2646523772\n",
      "--- working in image 0 2022-06-29 16:38:09.954950\n",
      "lattice_config START 2022-06-29 16:38:09.954983\n",
      "lattice_config END 2022-06-29 16:38:09.956012\n",
      "occupied 360\n",
      "Hoshen-Kopelman PBS START 2022-06-29 16:38:09.956323\n",
      "Hoshen-Kopelman PBC END 2022-06-29 16:38:09.959465\n",
      "Hoshen-Kopelman HW START 2022-06-29 16:38:09.959489\n",
      "Hoshen-Kopelman HW END 2022-06-29 16:38:09.962078\n",
      "PBC characterization 2022-06-29 16:38:09.962195\n",
      "HW characterization 2022-06-29 16:38:09.962279\n",
      "PBC coloring 2022-06-29 16:38:09.962514\n",
      "n clusters pbc 79\n",
      "n clusters 89\n",
      "density change p= 0.4 -> 0.33444444444444443\n",
      "max clus 35\n",
      "0.014236927032470703\n",
      "--- NEW configuration 2646523772  was created\n",
      "--> 5 new images were created\n",
      "percolation_density: working on p= 0.5\n",
      "Successfully created the directory : p0.5\n",
      "check: max_seed, nbre_file = 0 0\n",
      "--- found seeds= []\n",
      "percolation_density: configs existing, wanted, tomake= 0 5 5\n",
      "percolation: new percolation starting with seed= 2168794264\n",
      "--- working in image 0 2022-06-29 16:38:09.971526\n",
      "lattice_config START 2022-06-29 16:38:09.971630\n",
      "lattice_config END 2022-06-29 16:38:09.972591\n",
      "occupied 450\n",
      "Hoshen-Kopelman PBS START 2022-06-29 16:38:09.973048\n",
      "Hoshen-Kopelman PBC END 2022-06-29 16:38:09.976921\n",
      "Hoshen-Kopelman HW START 2022-06-29 16:38:09.976945\n",
      "Hoshen-Kopelman HW END 2022-06-29 16:38:09.979770\n",
      "PBC characterization 2022-06-29 16:38:09.979792\n",
      "HW characterization 2022-06-29 16:38:09.980232\n",
      "PBC coloring 2022-06-29 16:38:09.980435\n",
      "n clusters pbc 60\n",
      "n clusters 73\n",
      "density change p= 0.5 -> 0.4266666666666667\n",
      "max clus 93\n",
      "0.015559911727905273\n",
      "--- NEW configuration 2168794264  was created\n",
      "percolation: new percolation starting with seed= 2685305816\n",
      "--- working in image 0 2022-06-29 16:38:09.987481\n",
      "lattice_config START 2022-06-29 16:38:09.987709\n",
      "lattice_config END 2022-06-29 16:38:09.988713\n",
      "occupied 450\n",
      "Hoshen-Kopelman PBS START 2022-06-29 16:38:09.989110\n",
      "Hoshen-Kopelman PBC END 2022-06-29 16:38:09.992997\n",
      "Hoshen-Kopelman HW START 2022-06-29 16:38:09.993020\n",
      "Hoshen-Kopelman HW END 2022-06-29 16:38:09.995841\n",
      "PBC characterization 2022-06-29 16:38:09.995863\n",
      "HW characterization 2022-06-29 16:38:09.996305\n",
      "PBC coloring 2022-06-29 16:38:09.996459\n",
      "n clusters pbc 53\n",
      "n clusters 60\n",
      "density change p= 0.5 -> 0.42333333333333334\n",
      "max clus 215\n",
      "0.01563739776611328\n",
      "--- NEW configuration 2685305816  was created\n",
      "percolation: new percolation starting with seed= 3330860836\n",
      "--- working in image 0 2022-06-29 16:38:10.003695\n",
      "lattice_config START 2022-06-29 16:38:10.003874\n",
      "lattice_config END 2022-06-29 16:38:10.005054\n",
      "occupied 450\n",
      "Hoshen-Kopelman PBS START 2022-06-29 16:38:10.005424\n",
      "Hoshen-Kopelman PBC END 2022-06-29 16:38:10.009331\n",
      "Hoshen-Kopelman HW START 2022-06-29 16:38:10.009354\n",
      "Hoshen-Kopelman HW END 2022-06-29 16:38:10.012412\n",
      "PBC characterization 2022-06-29 16:38:10.012435\n",
      "HW characterization 2022-06-29 16:38:10.012701\n",
      "PBC coloring 2022-06-29 16:38:10.012859\n",
      "n clusters pbc 58\n",
      "n clusters 73\n",
      "density change p= 0.5 -> 0.42777777777777776\n",
      "max clus 128\n",
      "0.01599574089050293\n",
      "--- NEW configuration 3330860836  was created\n",
      "percolation: new percolation starting with seed= 2055538552\n",
      "--- working in image 0 2022-06-29 16:38:10.020238\n",
      "lattice_config START 2022-06-29 16:38:10.020273\n",
      "lattice_config END 2022-06-29 16:38:10.021305\n",
      "occupied 450\n",
      "Hoshen-Kopelman PBS START 2022-06-29 16:38:10.021818\n",
      "Hoshen-Kopelman PBC END 2022-06-29 16:38:10.025728\n",
      "Hoshen-Kopelman HW START 2022-06-29 16:38:10.025754\n",
      "Hoshen-Kopelman HW END 2022-06-29 16:38:10.028844\n",
      "PBC characterization 2022-06-29 16:38:10.028991\n",
      "HW characterization 2022-06-29 16:38:10.029152\n",
      "PBC coloring 2022-06-29 16:38:10.029312\n",
      "n clusters pbc 67\n",
      "n clusters 79\n",
      "density change p= 0.5 -> 0.4222222222222222\n",
      "max clus 85\n",
      "0.016109466552734375\n",
      "--- NEW configuration 2055538552  was created\n",
      "percolation: new percolation starting with seed= 533860897\n",
      "--- working in image 0 2022-06-29 16:38:10.036684\n",
      "lattice_config START 2022-06-29 16:38:10.036717\n",
      "lattice_config END 2022-06-29 16:38:10.037715\n",
      "occupied 450\n",
      "Hoshen-Kopelman PBS START 2022-06-29 16:38:10.038336\n",
      "Hoshen-Kopelman PBC END 2022-06-29 16:38:10.042264\n",
      "Hoshen-Kopelman HW START 2022-06-29 16:38:10.042290\n",
      "Hoshen-Kopelman HW END 2022-06-29 16:38:10.045369\n",
      "PBC characterization 2022-06-29 16:38:10.045398\n",
      "HW characterization 2022-06-29 16:38:10.045686\n",
      "PBC coloring 2022-06-29 16:38:10.045848\n",
      "n clusters pbc 64\n",
      "n clusters 76\n",
      "density change p= 0.5 -> 0.4122222222222222\n",
      "max clus 166\n",
      "0.01613926887512207\n",
      "--- NEW configuration 533860897  was created\n",
      "--> 5 new images were created\n",
      "percolation_density: working on p= 0.6\n",
      "Successfully created the directory : p0.6\n",
      "check: max_seed, nbre_file = 0 0\n",
      "--- found seeds= []\n",
      "percolation_density: configs existing, wanted, tomake= 0 5 5\n",
      "percolation: new percolation starting with seed= 3454361334\n",
      "--- working in image 0 2022-06-29 16:38:10.054776\n",
      "lattice_config START 2022-06-29 16:38:10.054898\n",
      "lattice_config END 2022-06-29 16:38:10.056356\n",
      "occupied 540\n",
      "Hoshen-Kopelman PBS START 2022-06-29 16:38:10.056712\n",
      "Hoshen-Kopelman PBC END 2022-06-29 16:38:10.061404\n",
      "Hoshen-Kopelman HW START 2022-06-29 16:38:10.061431\n",
      "Hoshen-Kopelman HW END 2022-06-29 16:38:10.064799\n",
      "PBC characterization 2022-06-29 16:38:10.065200\n",
      "HW characterization 2022-06-29 16:38:10.065368\n",
      "PBC coloring 2022-06-29 16:38:10.065537\n",
      "n clusters pbc 23\n",
      "n clusters 37\n",
      "density change p= 0.6 -> 0.5166666666666667\n",
      "max clus 296\n",
      "0.018087387084960938\n",
      "--- NEW configuration 3454361334  was created\n",
      "percolation: new percolation starting with seed= 767228889\n",
      "--- working in image 0 2022-06-29 16:38:10.073673\n",
      "lattice_config START 2022-06-29 16:38:10.073782\n",
      "lattice_config END 2022-06-29 16:38:10.075258\n",
      "occupied 540\n",
      "Hoshen-Kopelman PBS START 2022-06-29 16:38:10.075774\n",
      "Hoshen-Kopelman PBC END 2022-06-29 16:38:10.080539\n",
      "Hoshen-Kopelman HW START 2022-06-29 16:38:10.080802\n",
      "Hoshen-Kopelman HW END 2022-06-29 16:38:10.084260\n",
      "PBC characterization 2022-06-29 16:38:10.084461\n",
      "HW characterization 2022-06-29 16:38:10.084615\n",
      "PBC coloring 2022-06-29 16:38:10.084759\n",
      "n clusters pbc 28\n",
      "n clusters 37\n",
      "density change p= 0.6 -> 0.5077777777777778\n",
      "max clus 394\n",
      "0.018551349639892578\n",
      "--- NEW configuration 767228889  was created\n",
      "percolation: new percolation starting with seed= 3856682791\n",
      "--- working in image 0 2022-06-29 16:38:10.092772\n",
      "lattice_config START 2022-06-29 16:38:10.092896\n",
      "lattice_config END 2022-06-29 16:38:10.094204\n",
      "occupied 540\n",
      "Hoshen-Kopelman PBS START 2022-06-29 16:38:10.094656\n",
      "Hoshen-Kopelman PBC END 2022-06-29 16:38:10.099398\n",
      "Hoshen-Kopelman HW START 2022-06-29 16:38:10.099421\n",
      "Hoshen-Kopelman HW END 2022-06-29 16:38:10.102832\n",
      "PBC characterization 2022-06-29 16:38:10.102860\n",
      "HW characterization 2022-06-29 16:38:10.103401\n",
      "PBC coloring 2022-06-29 16:38:10.103455\n",
      "n clusters pbc 22\n",
      "n clusters 32\n",
      "density change p= 0.6 -> 0.49333333333333335\n",
      "max clus 509\n",
      "0.017836809158325195\n",
      "--- NEW configuration 3856682791  was created\n",
      "percolation: new percolation starting with seed= 3648631266\n",
      "--- working in image 0 2022-06-29 16:38:10.111023\n",
      "lattice_config START 2022-06-29 16:38:10.111279\n",
      "lattice_config END 2022-06-29 16:38:10.112756\n",
      "occupied 540\n",
      "Hoshen-Kopelman PBS START 2022-06-29 16:38:10.113130\n",
      "Hoshen-Kopelman PBC END 2022-06-29 16:38:10.117842\n",
      "Hoshen-Kopelman HW START 2022-06-29 16:38:10.117882\n",
      "Hoshen-Kopelman HW END 2022-06-29 16:38:10.121986\n",
      "PBC characterization 2022-06-29 16:38:10.122017\n",
      "HW characterization 2022-06-29 16:38:10.122206\n",
      "PBC coloring 2022-06-29 16:38:10.122332\n",
      "n clusters pbc 24\n",
      "n clusters 36\n"
     ]
    },
    {
     "name": "stdout",
     "output_type": "stream",
     "text": [
      "density change p= 0.6 -> 0.49444444444444446\n",
      "max clus 392\n",
      "0.01921868324279785\n",
      "--- NEW configuration 3648631266  was created\n",
      "percolation: new percolation starting with seed= 3171280406\n",
      "--- working in image 0 2022-06-29 16:38:10.130881\n",
      "lattice_config START 2022-06-29 16:38:10.130914\n",
      "lattice_config END 2022-06-29 16:38:10.132444\n",
      "occupied 540\n",
      "Hoshen-Kopelman PBS START 2022-06-29 16:38:10.132791\n",
      "Hoshen-Kopelman PBC END 2022-06-29 16:38:10.137514\n",
      "Hoshen-Kopelman HW START 2022-06-29 16:38:10.137544\n",
      "Hoshen-Kopelman HW END 2022-06-29 16:38:10.140962\n",
      "PBC characterization 2022-06-29 16:38:10.140987\n",
      "HW characterization 2022-06-29 16:38:10.141465\n",
      "PBC coloring 2022-06-29 16:38:10.141609\n",
      "n clusters pbc 14\n",
      "n clusters 23\n",
      "density change p= 0.6 -> 0.5\n",
      "max clus 482\n",
      "0.017908811569213867\n",
      "--- NEW configuration 3171280406  was created\n",
      "--> 5 new images were created\n",
      "percolation_density: working on p= 0.7\n",
      "Successfully created the directory : p0.7\n",
      "check: max_seed, nbre_file = 0 0\n",
      "--- found seeds= []\n",
      "percolation_density: configs existing, wanted, tomake= 0 5 5\n",
      "percolation: new percolation starting with seed= 3906857164\n",
      "--- working in image 0 2022-06-29 16:38:10.150555\n",
      "lattice_config START 2022-06-29 16:38:10.150700\n",
      "lattice_config END 2022-06-29 16:38:10.152510\n",
      "occupied 630\n",
      "Hoshen-Kopelman PBS START 2022-06-29 16:38:10.152994\n",
      "Hoshen-Kopelman PBC END 2022-06-29 16:38:10.158816\n",
      "Hoshen-Kopelman HW START 2022-06-29 16:38:10.158845\n",
      "Hoshen-Kopelman HW END 2022-06-29 16:38:10.162912\n",
      "PBC characterization 2022-06-29 16:38:10.163210\n",
      "HW characterization 2022-06-29 16:38:10.163276\n",
      "PBC coloring 2022-06-29 16:38:10.163317\n",
      "n clusters pbc 6\n",
      "n clusters 9\n",
      "density change p= 0.7 -> 0.5733333333333334\n",
      "max clus 624\n",
      "0.019976139068603516\n",
      "--- NEW configuration 3906857164  was created\n",
      "percolation: new percolation starting with seed= 3315142406\n",
      "--- working in image 0 2022-06-29 16:38:10.171047\n",
      "lattice_config START 2022-06-29 16:38:10.171080\n",
      "lattice_config END 2022-06-29 16:38:10.173021\n",
      "occupied 630\n",
      "Hoshen-Kopelman PBS START 2022-06-29 16:38:10.173396\n",
      "Hoshen-Kopelman PBC END 2022-06-29 16:38:10.179173\n",
      "Hoshen-Kopelman HW START 2022-06-29 16:38:10.179200\n",
      "Hoshen-Kopelman HW END 2022-06-29 16:38:10.183433\n",
      "PBC characterization 2022-06-29 16:38:10.183459\n",
      "HW characterization 2022-06-29 16:38:10.183506\n",
      "PBC coloring 2022-06-29 16:38:10.183548\n",
      "n clusters pbc 9\n",
      "n clusters 21\n",
      "density change p= 0.7 -> 0.5688888888888889\n",
      "max clus 609\n",
      "0.019826650619506836\n",
      "--- NEW configuration 3315142406  was created\n",
      "percolation: new percolation starting with seed= 161212283\n",
      "--- working in image 0 2022-06-29 16:38:10.191196\n",
      "lattice_config START 2022-06-29 16:38:10.191393\n",
      "lattice_config END 2022-06-29 16:38:10.193121\n",
      "occupied 630\n",
      "Hoshen-Kopelman PBS START 2022-06-29 16:38:10.193580\n",
      "Hoshen-Kopelman PBC END 2022-06-29 16:38:10.199396\n",
      "Hoshen-Kopelman HW START 2022-06-29 16:38:10.199424\n",
      "Hoshen-Kopelman HW END 2022-06-29 16:38:10.203748\n",
      "PBC characterization 2022-06-29 16:38:10.203797\n",
      "HW characterization 2022-06-29 16:38:10.203858\n",
      "PBC coloring 2022-06-29 16:38:10.204162\n",
      "n clusters pbc 9\n",
      "n clusters 17\n",
      "density change p= 0.7 -> 0.6\n",
      "max clus 621\n",
      "0.020062923431396484\n",
      "--- NEW configuration 161212283  was created\n",
      "percolation: new percolation starting with seed= 2743005112\n",
      "--- working in image 0 2022-06-29 16:38:10.211849\n",
      "lattice_config START 2022-06-29 16:38:10.211884\n",
      "lattice_config END 2022-06-29 16:38:10.213724\n",
      "occupied 630\n",
      "Hoshen-Kopelman PBS START 2022-06-29 16:38:10.214099\n",
      "Hoshen-Kopelman PBC END 2022-06-29 16:38:10.219877\n",
      "Hoshen-Kopelman HW START 2022-06-29 16:38:10.219997\n",
      "Hoshen-Kopelman HW END 2022-06-29 16:38:10.224150\n",
      "PBC characterization 2022-06-29 16:38:10.224169\n",
      "HW characterization 2022-06-29 16:38:10.224207\n",
      "PBC coloring 2022-06-29 16:38:10.224249\n",
      "n clusters pbc 6\n",
      "n clusters 11\n",
      "density change p= 0.7 -> 0.5966666666666667\n",
      "max clus 618\n",
      "0.01985764503479004\n",
      "--- NEW configuration 2743005112  was created\n",
      "percolation: new percolation starting with seed= 331988375\n",
      "--- working in image 0 2022-06-29 16:38:10.231838\n",
      "lattice_config START 2022-06-29 16:38:10.232253\n",
      "lattice_config END 2022-06-29 16:38:10.233933\n",
      "occupied 630\n",
      "Hoshen-Kopelman PBS START 2022-06-29 16:38:10.234416\n",
      "Hoshen-Kopelman PBC END 2022-06-29 16:38:10.240239\n",
      "Hoshen-Kopelman HW START 2022-06-29 16:38:10.240264\n",
      "Hoshen-Kopelman HW END 2022-06-29 16:38:10.244348\n",
      "PBC characterization 2022-06-29 16:38:10.244365\n",
      "HW characterization 2022-06-29 16:38:10.244402\n",
      "PBC coloring 2022-06-29 16:38:10.244859\n",
      "n clusters pbc 13\n",
      "n clusters 17\n",
      "density change p= 0.7 -> 0.6066666666666667\n",
      "max clus 612\n",
      "0.020075082778930664\n",
      "--- NEW configuration 331988375  was created\n",
      "--> 5 new images were created\n",
      "percolation_density: working on p= 0.8\n",
      "Successfully created the directory : p0.8\n",
      "check: max_seed, nbre_file = 0 0\n",
      "--- found seeds= []\n",
      "percolation_density: configs existing, wanted, tomake= 0 5 5\n",
      "percolation: new percolation starting with seed= 712833696\n",
      "--- working in image 0 2022-06-29 16:38:10.254470\n",
      "lattice_config START 2022-06-29 16:38:10.254591\n",
      "lattice_config END 2022-06-29 16:38:10.256885\n",
      "occupied 720\n",
      "Hoshen-Kopelman PBS START 2022-06-29 16:38:10.257415\n",
      "Hoshen-Kopelman PBC END 2022-06-29 16:38:10.264215\n",
      "Hoshen-Kopelman HW START 2022-06-29 16:38:10.264233\n",
      "Hoshen-Kopelman HW END 2022-06-29 16:38:10.268940\n",
      "PBC characterization 2022-06-29 16:38:10.268956\n",
      "HW characterization 2022-06-29 16:38:10.268986\n",
      "PBC coloring 2022-06-29 16:38:10.269025\n",
      "n clusters pbc 1\n",
      "n clusters 1\n",
      "density change p= 0.8 -> 0.66\n",
      "max clus 720\n",
      "0.022173166275024414\n",
      "--- NEW configuration 712833696  was created\n",
      "percolation: new percolation starting with seed= 3779649650\n",
      "--- working in image 0 2022-06-29 16:38:10.277083\n",
      "lattice_config START 2022-06-29 16:38:10.277287\n",
      "lattice_config END 2022-06-29 16:38:10.279495\n",
      "occupied 720\n",
      "Hoshen-Kopelman PBS START 2022-06-29 16:38:10.280025\n",
      "Hoshen-Kopelman PBC END 2022-06-29 16:38:10.286816\n",
      "Hoshen-Kopelman HW START 2022-06-29 16:38:10.286951\n",
      "Hoshen-Kopelman HW END 2022-06-29 16:38:10.291686\n",
      "PBC characterization 2022-06-29 16:38:10.291713\n",
      "HW characterization 2022-06-29 16:38:10.291759\n",
      "PBC coloring 2022-06-29 16:38:10.292413\n",
      "n clusters pbc 1\n",
      "n clusters 3\n",
      "density change p= 0.8 -> 0.6722222222222223\n",
      "max clus 720\n",
      "0.023379087448120117\n",
      "--- NEW configuration 3779649650  was created\n",
      "percolation: new percolation starting with seed= 3496289145\n",
      "--- working in image 0 2022-06-29 16:38:10.300884\n",
      "lattice_config START 2022-06-29 16:38:10.301390\n",
      "lattice_config END 2022-06-29 16:38:10.303609\n",
      "occupied 720\n",
      "Hoshen-Kopelman PBS START 2022-06-29 16:38:10.304418\n",
      "Hoshen-Kopelman PBC END 2022-06-29 16:38:10.311259\n",
      "Hoshen-Kopelman HW START 2022-06-29 16:38:10.311566\n",
      "Hoshen-Kopelman HW END 2022-06-29 16:38:10.316300\n",
      "PBC characterization 2022-06-29 16:38:10.316627\n",
      "HW characterization 2022-06-29 16:38:10.316751\n",
      "PBC coloring 2022-06-29 16:38:10.316964\n",
      "n clusters pbc 1\n",
      "n clusters 1\n",
      "density change p= 0.8 -> 0.6911111111111111\n",
      "max clus 720\n",
      "0.023871183395385742\n",
      "--- NEW configuration 3496289145  was created\n",
      "percolation: new percolation starting with seed= 4000456263\n",
      "--- working in image 0 2022-06-29 16:38:10.325378\n",
      "lattice_config START 2022-06-29 16:38:10.325409\n",
      "lattice_config END 2022-06-29 16:38:10.328601\n",
      "occupied 720\n",
      "Hoshen-Kopelman PBS START 2022-06-29 16:38:10.329363\n",
      "Hoshen-Kopelman PBC END 2022-06-29 16:38:10.336136\n",
      "Hoshen-Kopelman HW START 2022-06-29 16:38:10.336168\n",
      "Hoshen-Kopelman HW END 2022-06-29 16:38:10.340900\n",
      "PBC characterization 2022-06-29 16:38:10.340930\n",
      "HW characterization 2022-06-29 16:38:10.341080\n",
      "PBC coloring 2022-06-29 16:38:10.341121\n",
      "n clusters pbc 2\n",
      "n clusters 3\n",
      "density change p= 0.8 -> 0.6788888888888889\n",
      "max clus 719\n",
      "0.024122238159179688\n",
      "--- NEW configuration 4000456263  was created\n",
      "percolation: new percolation starting with seed= 4169995023\n",
      "--- working in image 0 2022-06-29 16:38:10.349891\n",
      "lattice_config START 2022-06-29 16:38:10.350096\n",
      "lattice_config END 2022-06-29 16:38:10.352448\n",
      "occupied 720\n",
      "Hoshen-Kopelman PBS START 2022-06-29 16:38:10.353084\n",
      "Hoshen-Kopelman PBC END 2022-06-29 16:38:10.359894\n",
      "Hoshen-Kopelman HW START 2022-06-29 16:38:10.359913\n",
      "Hoshen-Kopelman HW END 2022-06-29 16:38:10.364642\n",
      "PBC characterization 2022-06-29 16:38:10.364666\n",
      "HW characterization 2022-06-29 16:38:10.364719\n",
      "PBC coloring 2022-06-29 16:38:10.365213\n",
      "n clusters pbc 2\n",
      "n clusters 5\n",
      "density change p= 0.8 -> 0.6722222222222223\n",
      "max clus 719\n",
      "0.022778749465942383\n",
      "--- NEW configuration 4169995023  was created\n",
      "--> 5 new images were created\n",
      "percolation_density: working on p= 0.9\n",
      "Successfully created the directory : p0.9\n",
      "check: max_seed, nbre_file = 0 0\n",
      "--- found seeds= []\n",
      "percolation_density: configs existing, wanted, tomake= 0 5 5\n",
      "percolation: new percolation starting with seed= 207586445\n",
      "--- working in image 0 2022-06-29 16:38:10.374766\n",
      "lattice_config START 2022-06-29 16:38:10.374944\n",
